14,41
14,47
14,39
14,160
14,46
14,37
15,18
15,13
16,78
19,11
16,77
15,17
15,16
15,4
16,76
16,75
16,74
16,73
19,10
16,72
16,71
16,70
15,15
16,69
16,68
16,67
16,66
16,65
16,64
19,9
16,39
16,38
16,37
16,36
16,35
16,34
19,8
16,33
16,32
16,31
16,30
16,29
16,28
15,14
15,5
16,27
16,26
16,25
19,7
16,24
16,23
16,22
15,12
16,21
19,6
16,20
16,19
19,5
19,4
16,18
16,17
16,16
16,15
16,14
16,13
16,12
16,11
14,159
15,11
15,10
14,45
14,40
14,158
15,9
16,10
15,8
14,157
14,44
14,38
14,43
14,156
14,155
15,7
15,6
14,154
14,42
14,153
14,36
14,152
16,9
16,8
14,151
14,150
14,149
14,148
14,147
14,146
14,145
14,144
14,143
14,142
14,141
14,140
14,139
14,138
14,137
14,136
14,135
14,134
14,133
14,132
14,131
14,130
14,129
14,128
14,127
14,126
14,125
14,124
14,123
14,122
14,121
14,120
14,119
14,118
14,117
14,116
14,115
14,114
14,113
14,112
14,111
14,110
14,109
14,108
14,107
14,106
14,105
14,104
14,103
14,102
14,101
14,100
14,99
14,98
14,97
14,96
14,95
14,94
14,93
14,92
14,91
0,447
14,90
14,4
0,446
14,89
14,88
0,445
14,87
14,86
14,85
14,84
0,444
0,443
0,442
0,441
0,440
0,439
0,438
14,83
14,82
14,81
14,80
14,79
14,78
14,77
14,76
14,75
14,74
14,73
14,72
14,71
14,70
14,69
14,68
14,67
14,66
14,65
14,64
14,35
14,34
14,33
14,32
14,31
27,3
27,2
27,1
27,0
26,3
26,2
26,1
26,0
25,3
25,2
25,1
25,0
24,4
24,3
24,2
24,1
24,0
23,3
23,2
23,1
23,0
22,3
22,2
22,1
22,0
21,3
21,2
21,1
21,0
20,3
20,2
20,1
20,0
19,3
19,2
19,1
19,0
18,3
18,2
18,1
18,0
17,3
17,2
17,1
17,0
0,437
14,30
14,29
14,28
14,27
14,26
14,25
14,24
14,23
14,22
14,21
14,20
14,19
14,18
14,17
14,16
14,15
14,14
14,13
14,12
14,11
14,10
14,9
14,8
14,7
14,6
14,5
0,436
0,435
0,434
0,433
0,432
0,431
0,430
0,429
0,428
0,427
0,426
0,425
0,424
0,423
0,422
0,421
0,420
0,419
0,418
0,417
0,416
0,415
0,414
0,413
0,412
0,411
0,410
0,409
0,408
0,407
0,406
0,405
0,404
0,403
0,402
0,401
0,400
0,399
0,398
0,397
0,396
0,395
0,394
0,393
0,392
0,391
0,390
0,389
0,388
0,387
0,386
0,385
0,384
0,383
0,382
0,381
0,380
0,379
0,378
0,377
0,376
0,375
0,374
0,373
0,372
0,371
0,370
0,369
0,368
0,367
0,366
0,365
0,364
0,363
0,362
0,361
0,360
0,359
0,358
0,357
0,356
0,355
0,354
0,353
0,352
0,351
0,350
0,349
0,348
2,5
2,4
0,347
0,346
16,7
16,6
16,5
16,4
16,3
16,2
0,345
16,1
16,0
0,344
0,343
15,3
15,2
0,342
15,1
15,0
0,341
0,340
14,3
14,2
0,339
14,1
14,0
0,338
0,337
13,4
13,3
13,2
0,336
13,1
13,0
0,335
0,334
12,8
12,7
12,6
12,5
12,4
12,3
12,2
0,333
12,1
12,0
0,332
0,331
11,5
11,4
11,3
11,2
0,330
11,1
11,0
0,329
0,328
10,4
10,3
10,2
0,327
10,1
10,0
0,326
0,325
9,5
9,4
9,3
9,2
0,324
9,1
9,0
0,323
0,322
0,321
8,5
8,4
8,3
8,2
0,320
8,1
8,0
0,319
0,318
7,5
7,4
7,3
7,2
0,317
7,1
7,0
6,5
6,4
6,3
6,2
6,1
6,0
5,6
5,5
5,4
5,3
5,2
5,1
5,0
4,2
3,6
3,5
3,4
3,3
4,1
3,2
4,3
3,1
4,0
3,0
2,2
1,2
0,243
1,1
1,3
1,0
2,1
2,3
2,0
0,9
0,310
0,305
0,308
0,304
0,303
0,302
0,307
0,12
0,10
0,8
0,0
0,300
0,299
0,298
0,297
0,296
0,295
0,294
0,293
0,292
0,291
0,290
0,289
0,288
0,287
0,286
0,285
0,284
0,283
0,282
0,281
0,280
0,279
0,278
0,277
0,276
0,275
0,274
0,273
0,272
0,271
0,270
0,269
0,268
0,267
0,266
0,265
0,264
0,263
0,262
0,261
0,260
0,259
0,258
0,257
0,256
0,255
0,254
0,253
0,252
0,251
0,250
0,249
0,248
0,247
0,246
0,245
0,244
0,242
0,241
0,240
0,239
0,238
0,237
0,236
0,235
0,234
0,233
0,232
0,231
0,230
0,229
0,228
0,227
0,226
0,225
0,224
0,223
0,222
0,221
0,220
0,219
0,218
0,217
0,216
0,215
0,214
0,213
0,212
0,211
0,210
0,209
0,208
0,207
0,206
0,205
0,204
0,203
0,202
0,201
0,200
0,199
0,198
0,197
0,196
0,195
0,194
0,193
0,192
0,63
0,62
0,61
0,60
0,59
0,58
0,57
0,56
0,55
0,54
0,53
0,316
0,52
0,315
0,51
0,314
0,50
0,313
0,49
0,312
0,48
0,311
0,47
0,309
0,46
0,306
0,45
0,301
0,6
0,5
0,1
0,11
0,4
0,2
0,3
0,7
